[Fraction(91, 66)]
[Fraction(91, 66), Fraction(11, 13)]
[Fraction(91, 66), Fraction(11, 13), Fraction(1, 33)]
[Fraction(91, 66), Fraction(11, 13), Fraction(1, 33), Fraction(85, 11)]
[Fraction(91, 66), Fraction(11, 13), Fraction(1, 33), Fraction(85, 11), Fraction(57, 119)]
[Fraction(91, 66), Fraction(11, 13), Fraction(1, 33), Fraction(85, 11), Fraction(57, 119), Fraction(17, 19)]
[Fraction(91, 66), Fraction(11, 13), Fraction(1, 33), Fraction(85, 11), Fraction(57, 119), Fraction(17, 19), Fraction(11, 17)]
[Fraction(91, 66), Fraction(11, 13), Fraction(1, 33), Fraction(85, 11), Fraction(57, 119), Fraction(17, 19), Fraction(11, 17), Fraction(1, 3)]
456192
Factorization of IN n: [('2', 9), ('3', 4), ('11', 1)]
n this iteration 456192
nupd = [456192, 628992]
n this iteration 628992
nupd = [456192, 628992, 532224]
n this iteration 532224
nupd = [456192, 628992, 532224, 733824]
n this iteration 733824
nupd = [456192, 628992, 532224, 733824, 620928]
n this iteration 620928
nupd = [456192, 628992, 532224, 733824, 620928, 856128]
n this iteration 856128
nupd = [456192, 628992, 532224, 733824, 620928, 856128, 724416]
n this iteration 724416
nupd = [456192, 628992, 532224, 733824, 620928, 856128, 724416, 998816]
n this iteration 998816
nupd = [456192, 628992, 532224, 733824, 620928, 856128, 724416, 998816, 845152]
n this iteration 845152
nupd = [456192, 628992, 532224, 733824, 620928, 856128, 724416, 998816, 845152, 6530720]
n this iteration 6530720
nupd = [456192, 628992, 532224, 733824, 620928, 856128, 724416, 998816, 845152, 6530720, 3128160]
n this iteration 3128160
nupd = [456192, 628992, 532224, 733824, 620928, 856128, 724416, 998816, 845152, 6530720, 3128160, 2798880]
n this iteration 2798880
nupd = [456192, 628992, 532224, 733824, 620928, 856128, 724416, 998816, 845152, 6530720, 3128160, 2798880, 1340640]
n this iteration 1340640
nupd = [456192, 628992, 532224, 733824, 620928, 856128, 724416, 998816, 845152, 6530720, 3128160, 2798880, 1340640, 1199520]
n this iteration 1199520
nupd = [456192, 628992, 532224, 733824, 620928, 856128, 724416, 998816, 845152, 6530720, 3128160, 2798880, 1340640, 1199520, 574560]
n this iteration 574560
nupd = [456192, 628992, 532224, 733824, 620928, 856128, 724416, 998816, 845152, 6530720, 3128160, 2798880, 1340640, 1199520, 574560, 514080]
n this iteration 514080
nupd = [456192, 628992, 532224, 733824, 620928, 856128, 724416, 998816, 845152, 6530720, 3128160, 2798880, 1340640, 1199520, 574560, 514080, 246240]
n this iteration 246240
nupd = [456192, 628992, 532224, 733824, 620928, 856128, 724416, 998816, 845152, 6530720, 3128160, 2798880, 1340640, 1199520, 574560, 514080, 246240, 220320]
n this iteration 220320
nupd = [456192, 628992, 532224, 733824, 620928, 856128, 724416, 998816, 845152, 6530720, 3128160, 2798880, 1340640, 1199520, 574560, 514080, 246240, 220320, 142560]
n this iteration 142560
nupd = [456192, 628992, 532224, 733824, 620928, 856128, 724416, 998816, 845152, 6530720, 3128160, 2798880, 1340640, 1199520, 574560, 514080, 246240, 220320, 142560, 196560]
n this iteration 196560
nupd = [456192, 628992, 532224, 733824, 620928, 856128, 724416, 998816, 845152, 6530720, 3128160, 2798880, 1340640, 1199520, 574560, 514080, 246240, 220320, 142560, 196560, 166320]
n this iteration 166320
nupd = [456192, 628992, 532224, 733824, 620928, 856128, 724416, 998816, 845152, 6530720, 3128160, 2798880, 1340640, 1199520, 574560, 514080, 246240, 220320, 142560, 196560, 166320, 229320]
n this iteration 229320
nupd = [456192, 628992, 532224, 733824, 620928, 856128, 724416, 998816, 845152, 6530720, 3128160, 2798880, 1340640, 1199520, 574560, 514080, 246240, 220320, 142560, 196560, 166320, 229320, 194040]
n this iteration 194040
nupd = [456192, 628992, 532224, 733824, 620928, 856128, 724416, 998816, 845152, 6530720, 3128160, 2798880, 1340640, 1199520, 574560, 514080, 246240, 220320, 142560, 196560, 166320, 229320, 194040, 267540]
n this iteration 267540
nupd = [456192, 628992, 532224, 733824, 620928, 856128, 724416, 998816, 845152, 6530720, 3128160, 2798880, 1340640, 1199520, 574560, 514080, 246240, 220320, 142560, 196560, 166320, 229320, 194040, 267540, 226380]
n this iteration 226380
nupd = [456192, 628992, 532224, 733824, 620928, 856128, 724416, 998816, 845152, 6530720, 3128160, 2798880, 1340640, 1199520, 574560, 514080, 246240, 220320, 142560, 196560, 166320, 229320, 194040, 267540, 226380, 312130]
n this iteration 312130
nupd = [456192, 628992, 532224, 733824, 620928, 856128, 724416, 998816, 845152, 6530720, 3128160, 2798880, 1340640, 1199520, 574560, 514080, 246240, 220320, 142560, 196560, 166320, 229320, 194040, 267540, 226380, 312130, 264110]
n this iteration 264110
nupd = [456192, 628992, 532224, 733824, 620928, 856128, 724416, 998816, 845152, 6530720, 3128160, 2798880, 1340640, 1199520, 574560, 514080, 246240, 220320, 142560, 196560, 166320, 229320, 194040, 267540, 226380, 312130, 264110, 2040850]
n this iteration 2040850
nupd = [456192, 628992, 532224, 733824, 620928, 856128, 724416, 998816, 845152, 6530720, 3128160, 2798880, 1340640, 1199520, 574560, 514080, 246240, 220320, 142560, 196560, 166320, 229320, 194040, 267540, 226380, 312130, 264110, 2040850, 977550]
n this iteration 977550
nupd = [456192, 628992, 532224, 733824, 620928, 856128, 724416, 998816, 845152, 6530720, 3128160, 2798880, 1340640, 1199520, 574560, 514080, 246240, 220320, 142560, 196560, 166320, 229320, 194040, 267540, 226380, 312130, 264110, 2040850, 977550, 874650]
n this iteration 874650
nupd = [456192, 628992, 532224, 733824, 620928, 856128, 724416, 998816, 845152, 6530720, 3128160, 2798880, 1340640, 1199520, 574560, 514080, 246240, 220320, 142560, 196560, 166320, 229320, 194040, 267540, 226380, 312130, 264110, 2040850, 977550, 874650, 418950]
n this iteration 418950
nupd = [456192, 628992, 532224, 733824, 620928, 856128, 724416, 998816, 845152, 6530720, 3128160, 2798880, 1340640, 1199520, 574560, 514080, 246240, 220320, 142560, 196560, 166320, 229320, 194040, 267540, 226380, 312130, 264110, 2040850, 977550, 874650, 418950, 374850]
n this iteration 374850
nupd = [456192, 628992, 532224, 733824, 620928, 856128, 724416, 998816, 845152, 6530720, 3128160, 2798880, 1340640, 1199520, 574560, 514080, 246240, 220320, 142560, 196560, 166320, 229320, 194040, 267540, 226380, 312130, 264110, 2040850, 977550, 874650, 418950, 374850, 179550]
n this iteration 179550
nupd = [456192, 628992, 532224, 733824, 620928, 856128, 724416, 998816, 845152, 6530720, 3128160, 2798880, 1340640, 1199520, 574560, 514080, 246240, 220320, 142560, 196560, 166320, 229320, 194040, 267540, 226380, 312130, 264110, 2040850, 977550, 874650, 418950, 374850, 179550, 160650]
n this iteration 160650
nupd = [456192, 628992, 532224, 733824, 620928, 856128, 724416, 998816, 845152, 6530720, 3128160, 2798880, 1340640, 1199520, 574560, 514080, 246240, 220320, 142560, 196560, 166320, 229320, 194040, 267540, 226380, 312130, 264110, 2040850, 977550, 874650, 418950, 374850, 179550, 160650, 76950]
n this iteration 76950
nupd = [456192, 628992, 532224, 733824, 620928, 856128, 724416, 998816, 845152, 6530720, 3128160, 2798880, 1340640, 1199520, 574560, 514080, 246240, 220320, 142560, 196560, 166320, 229320, 194040, 267540, 226380, 312130, 264110, 2040850, 977550, 874650, 418950, 374850, 179550, 160650, 76950, 68850]
n this iteration 68850
nupd = [456192, 628992, 532224, 733824, 620928, 856128, 724416, 998816, 845152, 6530720, 3128160, 2798880, 1340640, 1199520, 574560, 514080, 246240, 220320, 142560, 196560, 166320, 229320, 194040, 267540, 226380, 312130, 264110, 2040850, 977550, 874650, 418950, 374850, 179550, 160650, 76950, 68850, 44550]
n this iteration 44550
nupd = [456192, 628992, 532224, 733824, 620928, 856128, 724416, 998816, 845152, 6530720, 3128160, 2798880, 1340640, 1199520, 574560, 514080, 246240, 220320, 142560, 196560, 166320, 229320, 194040, 267540, 226380, 312130, 264110, 2040850, 977550, 874650, 418950, 374850, 179550, 160650, 76950, 68850, 44550, 61425]
n this iteration 61425
nupd = [456192, 628992, 532224, 733824, 620928, 856128, 724416, 998816, 845152, 6530720, 3128160, 2798880, 1340640, 1199520, 574560, 514080, 246240, 220320, 142560, 196560, 166320, 229320, 194040, 267540, 226380, 312130, 264110, 2040850, 977550, 874650, 418950, 374850, 179550, 160650, 76950, 68850, 44550, 61425, 51975]
n this iteration 51975
nupd = [456192, 628992, 532224, 733824, 620928, 856128, 724416, 998816, 845152, 6530720, 3128160, 2798880, 1340640, 1199520, 574560, 514080, 246240, 220320, 142560, 196560, 166320, 229320, 194040, 267540, 226380, 312130, 264110, 2040850, 977550, 874650, 418950, 374850, 179550, 160650, 76950, 68850, 44550, 61425, 51975, 1575]
n this iteration 1575
nupd = [456192, 628992, 532224, 733824, 620928, 856128, 724416, 998816, 845152, 6530720, 3128160, 2798880, 1340640, 1199520, 574560, 514080, 246240, 220320, 142560, 196560, 166320, 229320, 194040, 267540, 226380, 312130, 264110, 2040850, 977550, 874650, 418950, 374850, 179550, 160650, 76950, 68850, 44550, 61425, 51975, 1575, 525]
n this iteration 525
nupd = [456192, 628992, 532224, 733824, 620928, 856128, 724416, 998816, 845152, 6530720, 3128160, 2798880, 1340640, 1199520, 574560, 514080, 246240, 220320, 142560, 196560, 166320, 229320, 194040, 267540, 226380, 312130, 264110, 2040850, 977550, 874650, 418950, 374850, 179550, 160650, 76950, 68850, 44550, 61425, 51975, 1575, 525, 175]
n this iteration 175
All values of n: [456192, 628992, 532224, 733824, 620928, 856128, 724416, 998816, 845152, 6530720, 3128160, 2798880, 1340640, 1199520, 574560, 514080, 246240, 220320, 142560, 196560, 166320, 229320, 194040, 267540, 226380, 312130, 264110, 2040850, 977550, 874650, 418950, 374850, 179550, 160650, 76950, 68850, 44550, 61425, 51975, 1575, 525, 175]
Factorization of OUT n: [('5', 2), ('7', 1)]
