[Fraction(385, 13)]
[Fraction(385, 13), Fraction(13, 21)]
[Fraction(385, 13), Fraction(13, 21), Fraction(1, 7)]
[Fraction(385, 13), Fraction(13, 21), Fraction(1, 7), Fraction(3, 11)]
[Fraction(385, 13), Fraction(13, 21), Fraction(1, 7), Fraction(3, 11), Fraction(7, 2)]
[Fraction(385, 13), Fraction(13, 21), Fraction(1, 7), Fraction(3, 11), Fraction(7, 2), Fraction(1, 3)]
337500
Factorization of IN n: [('2', 2), ('3', 3), ('5', 5)]
n this iteration 337500
nupd = [337500, 1181250]
n this iteration 1181250
nupd = [337500, 1181250, 731250]
n this iteration 731250
nupd = [337500, 1181250, 731250, 21656250]
n this iteration 21656250
nupd = [337500, 1181250, 731250, 21656250, 13406250]
n this iteration 13406250
nupd = [337500, 1181250, 731250, 21656250, 13406250, 397031250]
n this iteration 397031250
nupd = [337500, 1181250, 731250, 21656250, 13406250, 397031250, 245781250]
n this iteration 245781250
nupd = [337500, 1181250, 731250, 21656250, 13406250, 397031250, 245781250, 7278906250]
n this iteration 7278906250
nupd = [337500, 1181250, 731250, 21656250, 13406250, 397031250, 245781250, 7278906250, 1039843750]
n this iteration 1039843750
nupd = [337500, 1181250, 731250, 21656250, 13406250, 397031250, 245781250, 7278906250, 1039843750, 283593750]
n this iteration 283593750
nupd = [337500, 1181250, 731250, 21656250, 13406250, 397031250, 245781250, 7278906250, 1039843750, 283593750, 77343750]
n this iteration 77343750
nupd = [337500, 1181250, 731250, 21656250, 13406250, 397031250, 245781250, 7278906250, 1039843750, 283593750, 77343750, 21093750]
n this iteration 21093750
nupd = [337500, 1181250, 731250, 21656250, 13406250, 397031250, 245781250, 7278906250, 1039843750, 283593750, 77343750, 21093750, 73828125]
n this iteration 73828125
nupd = [337500, 1181250, 731250, 21656250, 13406250, 397031250, 245781250, 7278906250, 1039843750, 283593750, 77343750, 21093750, 73828125, 45703125]
n this iteration 45703125
nupd = [337500, 1181250, 731250, 21656250, 13406250, 397031250, 245781250, 7278906250, 1039843750, 283593750, 77343750, 21093750, 73828125, 45703125, 1353515625]
n this iteration 1353515625
nupd = [337500, 1181250, 731250, 21656250, 13406250, 397031250, 245781250, 7278906250, 1039843750, 283593750, 77343750, 21093750, 73828125, 45703125, 1353515625, 837890625]
n this iteration 837890625
nupd = [337500, 1181250, 731250, 21656250, 13406250, 397031250, 245781250, 7278906250, 1039843750, 283593750, 77343750, 21093750, 73828125, 45703125, 1353515625, 837890625, 24814453125]
n this iteration 24814453125
nupd = [337500, 1181250, 731250, 21656250, 13406250, 397031250, 245781250, 7278906250, 1039843750, 283593750, 77343750, 21093750, 73828125, 45703125, 1353515625, 837890625, 24814453125, 15361328125]
n this iteration 15361328125
nupd = [337500, 1181250, 731250, 21656250, 13406250, 397031250, 245781250, 7278906250, 1039843750, 283593750, 77343750, 21093750, 73828125, 45703125, 1353515625, 837890625, 24814453125, 15361328125, 454931640625]
n this iteration 454931640625
nupd = [337500, 1181250, 731250, 21656250, 13406250, 397031250, 245781250, 7278906250, 1039843750, 283593750, 77343750, 21093750, 73828125, 45703125, 1353515625, 837890625, 24814453125, 15361328125, 454931640625, 64990234375]
n this iteration 64990234375
nupd = [337500, 1181250, 731250, 21656250, 13406250, 397031250, 245781250, 7278906250, 1039843750, 283593750, 77343750, 21093750, 73828125, 45703125, 1353515625, 837890625, 24814453125, 15361328125, 454931640625, 64990234375, 17724609375]
n this iteration 17724609375
nupd = [337500, 1181250, 731250, 21656250, 13406250, 397031250, 245781250, 7278906250, 1039843750, 283593750, 77343750, 21093750, 73828125, 45703125, 1353515625, 837890625, 24814453125, 15361328125, 454931640625, 64990234375, 17724609375, 4833984375]
n this iteration 4833984375
nupd = [337500, 1181250, 731250, 21656250, 13406250, 397031250, 245781250, 7278906250, 1039843750, 283593750, 77343750, 21093750, 73828125, 45703125, 1353515625, 837890625, 24814453125, 15361328125, 454931640625, 64990234375, 17724609375, 4833984375, 1318359375]
n this iteration 1318359375
nupd = [337500, 1181250, 731250, 21656250, 13406250, 397031250, 245781250, 7278906250, 1039843750, 283593750, 77343750, 21093750, 73828125, 45703125, 1353515625, 837890625, 24814453125, 15361328125, 454931640625, 64990234375, 17724609375, 4833984375, 1318359375, 439453125]
n this iteration 439453125
nupd = [337500, 1181250, 731250, 21656250, 13406250, 397031250, 245781250, 7278906250, 1039843750, 283593750, 77343750, 21093750, 73828125, 45703125, 1353515625, 837890625, 24814453125, 15361328125, 454931640625, 64990234375, 17724609375, 4833984375, 1318359375, 439453125, 146484375]
n this iteration 146484375
nupd = [337500, 1181250, 731250, 21656250, 13406250, 397031250, 245781250, 7278906250, 1039843750, 283593750, 77343750, 21093750, 73828125, 45703125, 1353515625, 837890625, 24814453125, 15361328125, 454931640625, 64990234375, 17724609375, 4833984375, 1318359375, 439453125, 146484375, 48828125]
n this iteration 48828125
All values of n: [337500, 1181250, 731250, 21656250, 13406250, 397031250, 245781250, 7278906250, 1039843750, 283593750, 77343750, 21093750, 73828125, 45703125, 1353515625, 837890625, 24814453125, 15361328125, 454931640625, 64990234375, 17724609375, 4833984375, 1318359375, 439453125, 146484375, 48828125]
Factorization of OUT n: [('5', 11)]
